Fri Mar  1 09:28:32 PST 2019
Warning: Permanently added 'iccsl01.iccsl.gonzaga.edu,10.3.2.1' (RSA) to the list of known hosts.
n = 16
n = 16
n = 16
n = 16
timeuse: 1603.000000
Matrix A:
2.000000 2.000000 2.000000 2.000000 2.000000 2.000000 2.000000 2.000000 2.000000 2.000000 2.000000 2.000000 2.000000 2.000000 2.000000 2.000000 2.000000 2.000000 2.000000 2.000000 2.000000 2.000000 2.000000 2.000000 2.000000 2.000000 2.000000 2.000000 2.000000 2.000000 2.000000 2.000000 2.000000 2.000000 2.000000 2.000000 2.000000 2.000000 2.000000 2.000000 2.000000 2.000000 2.000000 2.000000 2.000000 2.000000 2.000000 2.000000 2.000000 2.000000 2.000000 2.000000 2.000000 2.000000 2.000000 2.000000 2.000000 2.000000 2.000000 2.000000 2.000000 2.000000 2.000000 2.000000 2.000000 2.000000 2.000000 2.000000 2.000000 2.000000 2.000000 2.000000 2.000000 2.000000 2.000000 2.000000 2.000000 2.000000 2.000000 2.000000 2.000000 2.000000 2.000000 2.000000 2.000000 2.000000 2.000000 2.000000 2.000000 2.000000 2.000000 2.000000 2.000000 2.000000 2.000000 2.000000 2.000000 2.000000 2.000000 2.000000 2.000000 2.000000 2.000000 2.000000 2.000000 2.000000 2.000000 2.000000 2.000000 2.000000 2.000000 2.000000 2.000000 2.000000 2.000000 2.000000 2.000000 2.000000 2.000000 2.000000 2.000000 2.000000 2.000000 2.000000 2.000000 2.000000 2.000000 2.000000 2.000000 2.000000 2.000000 2.000000 2.000000 2.000000 2.000000 2.000000 2.000000 2.000000 2.000000 2.000000 2.000000 2.000000 2.000000 2.000000 2.000000 2.000000 2.000000 2.000000 2.000000 2.000000 2.000000 2.000000 2.000000 2.000000 2.000000 2.000000 2.000000 2.000000 2.000000 2.000000 2.000000 2.000000 2.000000 2.000000 2.000000 2.000000 2.000000 2.000000 2.000000 2.000000 2.000000 2.000000 2.000000 2.000000 2.000000 2.000000 2.000000 2.000000 2.000000 2.000000 2.000000 2.000000 2.000000 2.000000 2.000000 2.000000 2.000000 2.000000 2.000000 2.000000 2.000000 2.000000 2.000000 2.000000 2.000000 2.000000 2.000000 2.000000 2.000000 2.000000 2.000000 2.000000 2.000000 2.000000 2.000000 2.000000 2.000000 2.000000 2.000000 2.000000 2.000000 2.000000 2.000000 2.000000 2.000000 2.000000 2.000000 2.000000 2.000000 2.000000 2.000000 2.000000 2.000000 2.000000 2.000000 2.000000 2.000000 2.000000 2.000000 2.000000 2.000000 2.000000 2.000000 2.000000 2.000000 2.000000 2.000000 2.000000 2.000000 2.000000 2.000000 2.000000 2.000000 2.000000 2.000000 2.000000 2.000000 2.000000 2.000000 2.000000 2.000000 2.000000 2.000000 2.000000 2.000000 2.000000 
Matrix B:
2.000000 2.000000 2.000000 2.000000 2.000000 2.000000 2.000000 2.000000 2.000000 2.000000 2.000000 2.000000 2.000000 2.000000 2.000000 2.000000 2.000000 2.000000 2.000000 2.000000 2.000000 2.000000 2.000000 2.000000 2.000000 2.000000 2.000000 2.000000 2.000000 2.000000 2.000000 2.000000 2.000000 2.000000 2.000000 2.000000 2.000000 2.000000 2.000000 2.000000 2.000000 2.000000 2.000000 2.000000 2.000000 2.000000 2.000000 2.000000 2.000000 2.000000 2.000000 2.000000 2.000000 2.000000 2.000000 2.000000 2.000000 2.000000 2.000000 2.000000 2.000000 2.000000 2.000000 2.000000 2.000000 2.000000 2.000000 2.000000 2.000000 2.000000 2.000000 2.000000 2.000000 2.000000 2.000000 2.000000 2.000000 2.000000 2.000000 2.000000 2.000000 2.000000 2.000000 2.000000 2.000000 2.000000 2.000000 2.000000 2.000000 2.000000 2.000000 2.000000 2.000000 2.000000 2.000000 2.000000 2.000000 2.000000 2.000000 2.000000 2.000000 2.000000 2.000000 2.000000 2.000000 2.000000 2.000000 2.000000 2.000000 2.000000 2.000000 2.000000 2.000000 2.000000 2.000000 2.000000 2.000000 2.000000 2.000000 2.000000 2.000000 2.000000 2.000000 2.000000 2.000000 2.000000 2.000000 2.000000 2.000000 2.000000 2.000000 2.000000 2.000000 2.000000 2.000000 2.000000 2.000000 2.000000 2.000000 2.000000 2.000000 2.000000 2.000000 2.000000 2.000000 2.000000 2.000000 2.000000 2.000000 2.000000 2.000000 2.000000 2.000000 2.000000 2.000000 2.000000 2.000000 2.000000 2.000000 2.000000 2.000000 2.000000 2.000000 2.000000 2.000000 2.000000 2.000000 2.000000 2.000000 2.000000 2.000000 2.000000 2.000000 2.000000 2.000000 2.000000 2.000000 2.000000 2.000000 2.000000 2.000000 2.000000 2.000000 2.000000 2.000000 2.000000 2.000000 2.000000 2.000000 2.000000 2.000000 2.000000 2.000000 2.000000 2.000000 2.000000 2.000000 2.000000 2.000000 2.000000 2.000000 2.000000 2.000000 2.000000 2.000000 2.000000 2.000000 2.000000 2.000000 2.000000 2.000000 2.000000 2.000000 2.000000 2.000000 2.000000 2.000000 2.000000 2.000000 2.000000 2.000000 2.000000 2.000000 2.000000 2.000000 2.000000 2.000000 2.000000 2.000000 2.000000 2.000000 2.000000 2.000000 2.000000 2.000000 2.000000 2.000000 2.000000 2.000000 2.000000 2.000000 2.000000 2.000000 2.000000 2.000000 2.000000 2.000000 2.000000 2.000000 2.000000 2.000000 2.000000 2.000000 2.000000 2.000000 2.000000 
Matrix C:
64.000000 64.000000 64.000000 64.000000 64.000000 64.000000 64.000000 64.000000 64.000000 64.000000 64.000000 64.000000 64.000000 64.000000 64.000000 64.000000 64.000000 64.000000 64.000000 64.000000 64.000000 64.000000 64.000000 64.000000 64.000000 64.000000 64.000000 64.000000 64.000000 64.000000 64.000000 64.000000 64.000000 64.000000 64.000000 64.000000 64.000000 64.000000 64.000000 64.000000 64.000000 64.000000 64.000000 64.000000 64.000000 64.000000 64.000000 64.000000 64.000000 64.000000 64.000000 64.000000 64.000000 64.000000 64.000000 64.000000 64.000000 64.000000 64.000000 64.000000 64.000000 64.000000 64.000000 64.000000 64.000000 64.000000 64.000000 64.000000 64.000000 64.000000 64.000000 64.000000 64.000000 64.000000 64.000000 64.000000 64.000000 64.000000 64.000000 64.000000 64.000000 64.000000 64.000000 64.000000 64.000000 64.000000 64.000000 64.000000 64.000000 64.000000 64.000000 64.000000 64.000000 64.000000 64.000000 64.000000 64.000000 64.000000 64.000000 64.000000 64.000000 64.000000 64.000000 64.000000 64.000000 64.000000 64.000000 64.000000 64.000000 64.000000 64.000000 64.000000 64.000000 64.000000 64.000000 64.000000 64.000000 64.000000 64.000000 64.000000 64.000000 64.000000 64.000000 64.000000 64.000000 64.000000 64.000000 64.000000 64.000000 64.000000 64.000000 64.000000 64.000000 64.000000 64.000000 64.000000 64.000000 64.000000 64.000000 64.000000 64.000000 64.000000 64.000000 64.000000 64.000000 64.000000 64.000000 64.000000 64.000000 64.000000 64.000000 64.000000 64.000000 64.000000 64.000000 64.000000 64.000000 64.000000 64.000000 64.000000 64.000000 64.000000 64.000000 64.000000 64.000000 64.000000 64.000000 64.000000 64.000000 64.000000 64.000000 64.000000 64.000000 64.000000 64.000000 64.000000 64.000000 64.000000 64.000000 64.000000 64.000000 64.000000 64.000000 64.000000 64.000000 64.000000 64.000000 64.000000 64.000000 64.000000 64.000000 64.000000 64.000000 64.000000 64.000000 64.000000 64.000000 64.000000 64.000000 64.000000 64.000000 64.000000 64.000000 64.000000 64.000000 64.000000 64.000000 64.000000 64.000000 64.000000 64.000000 64.000000 64.000000 64.000000 64.000000 64.000000 64.000000 64.000000 64.000000 64.000000 64.000000 64.000000 64.000000 64.000000 64.000000 64.000000 64.000000 64.000000 64.000000 64.000000 64.000000 64.000000 64.000000 64.000000 64.000000 64.000000 64.000000 64.000000 64.000000 64.000000 0.000000 0.000000 0.000000 0.000000 0.000000 0.000000 0.000000 0.000000 0.000000 0.000000 0.000000 0.000000 0.000000 0.000000 0.000000 0.000000 Fri Mar  1 09:28:34 PST 2019
